0,1,2,3,4,5,6,7,8,9,10,11,12,13,14,15,16,17,18,19,20,21,22,23,24,25,26,27,28,29,30,31,32,33,34,35,36,37,38,39,40,41,42,43,44,45,46,47,48,49,50,51,52,53,54,55,56,57,58,59,60,61,62,63,64,65,66,67,68,69,70,71,72,73,74,75,76,77,78,79,80,81,82,83,84,85,86,87,88,89,90,91,92,93,94,95,96,97,98,99,100,101,102,103,104,105,106,107,108,109,110,111,112
3.3717478e-07,10.589202,11.25415,10.658969,12.115171,11.752352,10.13745,8.404933,10.734839,12.785801,12.322245,11.5665245,10.38185,11.124158,11.918318,10.302369,11.346855,13.352842,12.456906,11.383635,12.321066,10.733196,10.401938,11.0508795,12.312387,9.1127405,11.829367,10.007611,11.627369,12.115335,12.189363,9.979508,13.281936,12.50674,11.60356,11.536233,13.7189245,11.887197,11.281395,11.210845,13.502621,11.288946,10.494155,12.92568,11.168221,10.746742,12.629251,14.444801,12.174333,11.160179,10.764555,12.425135,11.718934,12.148552,12.305503,11.609467,11.003433,13.923543,13.483088,11.054149,10.735215,10.122556,12.421078,11.537167,13.126199,12.988737,10.049775,12.657331,13.250717,13.295547,12.8984165,11.773672,13.282018,12.619924,13.319094,13.75647,11.987861,13.035928,10.478451,13.529482,13.018576,12.363884,10.099537,11.761752,13.1381035,13.140204,12.223904,11.144152,11.917623,12.398172,13.121558,12.060004,11.529906,12.722041,13.003431,12.8833275,14.36603,12.066128,12.5897665,11.656701,12.676477,14.19017,13.06844,12.82655,13.125394,12.700161,12.709645,14.976059,13.576453,12.612675,13.858792,13.612094,12.918352
10.589202,0.0,11.857943,10.641795,12.329217,13.88077,12.250514,10.247891,8.844781,13.979803,13.541052,8.45496,9.537515,9.53091,13.045247,11.5045,13.414609,13.771616,13.203722,13.0680685,13.296516,10.724903,11.328224,12.750302,13.031059,11.548703,12.77828,12.126109,10.354641,13.197061,13.366591,12.215991,13.779032,12.878713,12.356301,13.182295,14.237742,13.008928,12.059113,12.540589,14.181997,12.605869,11.992515,13.509272,12.684684,10.873508,14.251758,14.741503,13.582854,11.905193,12.487622,13.465394,13.168287,13.846238,13.151033,12.423136,12.582505,14.502844,14.1145,11.473615,11.394821,13.310047,12.941173,13.041309,14.60451,14.226929,11.47107,13.047962,14.235285,13.703745,13.882839,13.694103,13.575205,13.408165,13.806417,14.348513,14.504375,13.326456,11.02368,14.192676,13.993573,12.589516,12.626111,13.1675,14.310055,14.238746,13.40583,13.064539,13.162893,14.569725,14.240119,13.193328,13.642937,14.1486635,13.921727,13.759706,14.626966,13.981354,13.724662,13.640193,13.251798,14.358602,14.151403,13.748879,13.974685,14.086383,13.620048,15.15416,14.542064,12.741668,14.389618,14.514455,14.850209
11.25415,11.857943,0.0,8.36366,8.964847,11.973377,11.997871,11.087513,10.190625,11.599695,11.411918,13.1403265,9.921156,10.317462,11.041806,10.424867,12.013164,10.664422,12.774972,11.162466,10.788247,10.31215,10.587646,11.545104,11.844621,11.957823,11.594769,12.030928,11.453759,12.726851,11.989916,11.1313095,13.398985,13.123314,10.717986,11.459856,12.545567,12.560148,11.097336,13.196534,13.782907,12.869151,11.447558,12.5563965,12.422514,11.244569,15.039603,13.5854225,14.198054,12.871439,11.957636,12.872053,13.470665,13.203743,12.904409,11.249756,12.09999,15.169659,15.128329,12.372624,12.668656,13.041861,11.656493,11.807693,13.916957,13.714188,12.126839,13.897696,13.044127,13.148383,14.145139,14.096334,13.640235,13.668956,13.698921,14.114772,14.6512985,12.931424,8.9029045,13.107187,13.990926,13.53745,13.668451,13.193376,12.906261,13.100116,14.614463,12.628808,12.495296,14.398962,12.398475,13.247677,13.460681,14.738514,14.796706,11.71584,16.123146,14.018175,13.28676,12.771627,14.722221,13.211417,14.911315,12.61737,14.8988285,14.455583,14.916308,16.274933,13.827327,13.865155,14.554412,12.654899,13.950846
10.658969,10.641795,8.36366,0.0,9.832135,12.889061,11.800943,7.5877886,7.790566,13.899945,11.896129,13.420332,9.311337,8.173,10.584721,9.124179,12.25097,10.280442,11.698137,10.882974,9.84814,7.987411,10.73439,11.805969,10.954561,11.08165,10.932607,11.429217,8.999786,11.998023,11.920985,11.284246,13.21646,12.557257,9.404065,12.04139,11.80685,12.028745,9.665359,13.595951,12.765941,12.03103,10.478428,11.11838,11.28506,8.960139,15.81675,12.554498,15.321643,12.8448515,13.4671,11.969185,12.879502,12.721437,11.766176,10.371613,11.835488,16.287012,15.613086,10.193912,10.312276,11.957316,10.682719,11.055569,12.636573,12.501076,8.768985,12.218971,12.791013,12.4378,14.261162,14.37177,12.393708,12.573598,12.39212,13.281276,14.509451,11.292454,8.43223,11.797191,14.092607,10.42078,13.095506,12.143368,12.479388,12.235432,14.145126,12.149806,12.225664,13.680318,13.188038,12.513909,12.7912035,15.33484,15.15594,11.689375,16.456793,14.687981,12.67007,12.664633,13.493972,13.543813,15.344575,11.968344,14.555132,14.272826,14.37897,16.240917,13.243229,12.919925,14.445837,12.556644,13.845631
12.115171,12.329217,8.964847,9.832135,0.0,11.776342,12.088765,11.907713,10.892773,12.328664,11.23462,14.018375,10.561935,10.873474,11.701703,11.117349,12.1822405,11.725267,13.229293,11.225224,11.287719,11.635868,12.521052,12.339907,11.778637,12.523175,11.1923065,12.168792,11.803058,12.990637,12.071519,10.797179,12.700859,13.091466,11.971529,11.703115,13.232637,12.25159,11.863089,13.0404215,13.593692,12.847854,11.610936,12.952695,12.008948,11.963154,14.993621,13.677325,14.661895,13.45766,12.828838,12.430864,13.422311,12.782183,12.221053,11.821572,12.145165,15.83885,15.069554,13.232701,13.037159,13.052977,12.021839,11.97999,13.454629,13.830903,12.961179,14.610696,12.571556,12.828878,13.980963,13.985486,13.271111,14.03521,14.377807,14.832636,12.875607,13.361467,10.297793,13.058967,13.143945,13.270735,12.828526,12.963263,13.226426,13.145252,14.955485,12.92922,11.960774,14.177402,13.114578,13.339681,13.17866,14.585955,14.553552,11.464105,15.973788,13.896987,12.578763,12.622651,13.683981,12.706171,14.494114,13.171665,15.706004,14.465578,14.725417,16.218744,13.037599,14.685727,14.372661,12.629853,12.560919
11.752352,13.88077,11.973377,12.889061,11.776342,0.0,10.898212,13.585355,12.894458,10.484831,7.596221,13.825272,12.04899,12.920131,11.858368,13.189839,10.436224,12.733626,13.312482,10.804877,11.487941,13.257285,13.634251,11.359772,12.276064,12.609056,11.233969,11.499129,12.394538,12.078474,10.999442,10.232216,11.487429,12.743644,12.961433,11.007589,12.154072,11.758924,12.644828,9.772117,12.90043,11.717331,12.713943,12.742383,11.829805,12.185507,13.017824,12.71584,13.136491,12.898859,12.584152,11.710002,12.062038,11.955215,12.225187,12.59479,11.595789,13.146742,14.922703,13.547137,12.796138,11.100852,12.533574,10.74452,12.437621,12.982628,13.66653,14.016856,12.365896,10.416085,12.472589,12.897957,12.949898,13.608685,14.012246,13.540832,11.775244,12.672814,12.369368,12.151359,11.241889,13.938217,11.491968,11.725984,10.814241,11.1668,13.344361,10.47884,11.533035,12.594405,11.127011,11.693273,11.307849,12.933722,12.897679,11.419757,15.171897,12.18566,12.228189,11.162061,14.690998,12.651948,13.345404,11.080496,13.27809,12.285047,14.551558,15.736036,12.470164,14.060991,12.775708,12.364412,12.446024
10.13745,12.250514,11.997871,11.800943,12.088765,10.898212,0.0,11.778143,11.7153,10.314357,11.477815,12.643827,11.59358,12.425244,10.349915,11.355021,8.292532,10.913312,11.236352,9.177779,10.685276,11.342277,10.983705,8.938386,11.606194,10.201585,9.6200695,8.733602,12.470804,10.968267,9.673967,9.513952,10.417168,9.787243,10.9473095,10.694006,11.473255,9.339128,10.49439,9.533062,11.895251,9.982103,10.722688,9.9785385,9.956598,10.992401,12.482109,12.060628,11.72774,9.831113,11.302282,9.968368,10.092152,10.985388,10.768613,10.389755,9.909923,12.993978,12.083069,11.018396,10.545104,9.960449,10.890537,9.668664,10.239084,10.606631,12.298033,12.148123,11.984725,11.376273,11.963713,10.138262,11.784954,10.857922,12.085045,11.800529,12.458071,10.884518,12.220555,10.808225,12.470311,12.2789,9.863102,10.876393,10.439877,10.37615,11.243842,9.688586,10.701661,10.499878,11.104701,10.058335,9.819546,11.383167,10.5823765,11.835776,13.725118,11.384094,10.764785,11.21158,13.505407,12.767157,12.230724,10.297117,10.772809,10.175495,12.123782,13.941086,11.608582,12.688823,11.702324,12.685752,12.56022
8.404933,10.247891,11.087513,7.5877886,11.907713,13.585355,11.778143,0.0,8.490836,14.539968,12.487294,13.068318,10.111254,9.326308,10.701258,8.857428,12.339746,12.205327,10.755936,11.615498,11.539561,8.794115,10.683388,12.275774,11.63157,10.952451,11.067104,10.543483,9.986182,11.766008,12.281124,10.9212,13.1012535,12.087699,9.730489,12.30586,12.597156,11.744734,9.752763,13.012542,12.44099,11.251483,10.138757,11.553346,10.240447,9.16697,15.110309,13.133402,14.657461,12.202812,13.052946,12.556323,11.706515,12.024731,10.647599,10.566504,11.68586,15.846156,14.915216,9.936432,10.211383,12.328208,10.979446,11.408718,13.457801,13.053502,8.032103,12.670842,12.777169,12.374555,14.132069,13.649875,11.977467,11.560222,11.839293,12.689324,14.213894,11.231883,10.29128,12.053171,13.837417,10.976467,11.961114,12.61524,12.965817,12.432204,13.254843,11.74245,12.1093855,13.351404,13.559145,12.37735,12.6955,15.026968,14.839375,12.174507,15.699824,14.165589,12.533483,12.268374,12.370102,13.988113,14.889486,12.479364,14.581804,14.314149,13.636887,16.097511,13.489176,13.479555,14.20487,12.532024,13.917196
10.734839,8.844781,10.190625,7.790566,10.892773,12.894458,11.7153,8.490836,0.0,13.989598,11.843853,11.417901,6.669769,4.6324587,11.130988,9.588329,12.131296,11.578834,12.020708,11.305882,10.888808,8.316171,11.11686,12.05948,11.67449,11.548857,11.053517,11.109044,7.074322,11.703216,11.933165,11.189351,12.602628,12.263032,9.858051,12.083004,12.576872,11.809224,9.94659,13.104216,12.897052,11.936162,10.079948,11.873243,11.12029,8.872329,15.549925,13.239106,14.588224,12.171166,13.141392,12.368307,12.645085,12.636303,11.88408,10.31957,11.694079,15.702377,15.139338,10.06687,9.835088,12.567643,11.114754,11.371251,12.752357,12.662132,9.947027,12.385044,12.834242,12.370212,14.146595,13.945724,12.412944,12.446958,12.512731,13.075451,14.206954,11.419378,10.34121,12.500322,13.943076,11.597129,12.307246,12.573102,13.028404,12.712017,13.875768,11.987332,11.894518,13.809426,13.350842,12.186089,12.643252,14.482851,14.525479,11.774218,15.814953,14.363669,12.446514,12.704269,13.722839,13.251876,14.889888,12.459036,14.420634,13.738064,13.840574,15.924308,13.319681,13.268585,13.780331,12.086695,13.35907
12.785801,13.979803,11.599695,13.899945,12.328664,10.484831,10.314357,14.539968,13.989598,0.0,12.564235,13.027965,13.57525,14.186089,12.284185,13.963868,9.794251,11.716779,13.849886,11.217906,11.892114,13.816276,13.671884,10.89557,13.045278,13.029925,12.397552,11.938421,14.610542,13.683111,12.16228,11.621265,12.778969,12.901428,13.147113,12.273814,12.923764,12.468766,12.907243,9.4486685,14.530537,12.569939,13.54753,12.820451,13.339593,13.21453,12.298297,13.480659,11.674693,12.621832,10.407902,11.776203,12.291107,13.144635,13.125749,12.408647,11.73146,11.896128,13.102683,14.044793,13.649356,12.487827,13.020556,11.859338,12.86677,12.558561,14.530659,14.830211,12.962026,13.440926,12.1604395,12.701332,13.860897,14.486272,14.878802,14.457131,13.795897,13.257615,14.069279,13.24151,13.967426,14.902564,12.543603,12.311244,11.545153,12.590266,13.112429,11.286305,12.846906,13.24037,11.826232,12.326649,12.486159,11.621859,11.797848,13.23358,13.85886,12.750512,13.156205,13.120657,15.049754,13.658635,13.44088,12.120552,12.488932,12.063141,14.966177,15.208353,13.593301,14.51114,13.070329,13.242154,13.787948
12.322245,13.541052,11.411918,11.896129,11.23462,7.596221,11.477815,12.487294,11.843853,12.564235,0.0,14.285541,11.304532,11.870872,10.0611105,11.809381,10.494482,11.063022,11.550895,10.151184,10.30801,12.370231,13.282734,11.249203,10.982335,12.789494,9.755154,11.017637,11.136167,10.361236,9.59586,9.297918,10.624411,11.395375,10.930286,10.0270405,10.461743,10.659258,10.898866,10.617225,10.788096,10.460221,11.593904,11.120558,10.660807,12.148075,13.664449,10.893036,14.211348,12.530079,13.269631,10.770995,12.081117,11.075234,10.702034,10.985361,10.816758,14.189291,14.880937,12.854137,12.687111,11.804215,10.900363,9.657707,11.9070635,12.737748,13.239208,13.771997,10.880319,8.320746,12.141971,12.814353,11.258742,12.151792,12.621321,12.379272,12.423682,11.271906,11.886781,10.02521,10.851093,13.302032,11.735734,11.754786,9.99539,9.51478,13.298772,10.468633,10.241647,12.726439,10.910182,11.606633,11.281137,13.690318,12.958662,9.351246,15.079361,12.175518,11.45243,10.578049,14.382098,11.295601,12.718214,9.975747,13.836252,13.023259,13.708244,16.07554,11.253728,14.248471,12.181331,10.83447,11.865686
11.5665245,8.45496,13.1403265,13.420332,14.018375,13.825272,12.643827,13.068318,11.417901,13.027965,14.285541,0.0,10.611477,11.38167,14.577531,13.6993475,13.510452,14.767402,14.725824,13.804216,14.118283,12.887463,12.382822,13.031874,14.293436,12.0834875,14.369011,13.039956,12.125852,14.70801,14.512005,12.982487,14.898228,14.170118,14.098552,14.175552,15.061051,13.891076,13.872639,12.230562,15.481554,14.058516,13.455937,14.930413,14.026824,13.14775,13.5468,15.649163,12.817903,12.8659,12.22201,14.075241,13.756703,15.036342,14.819139,13.836484,13.20134,13.486516,14.343513,13.622439,13.3456135,13.649758,14.696329,14.188548,14.786399,14.866852,13.279944,14.513943,15.085864,15.126086,14.110687,14.125565,15.209555,14.8596735,15.45496,15.471176,14.489473,14.943947,12.741278,15.227319,14.40059,14.21417,13.2402115,13.585862,14.916826,15.029764,14.264353,13.570932,14.28891,14.628324,14.55363,13.62051,14.347158,13.758673,13.670501,15.109902,14.512295,13.895507,14.980683,14.316827,14.550449,14.849509,14.420614,14.706711,14.306514,14.252519,14.895413,15.168677,15.224343,13.257023,14.931005,15.420055,14.774621
10.38185,9.537515,9.921156,9.311337,10.561935,12.04899,11.59358,10.111254,6.669769,13.57525,11.304532,10.611477,0.0,6.378929,11.788973,10.145512,12.15406,11.861118,12.519174,11.419579,11.619598,10.019521,10.830127,11.762298,12.00172,11.470783,11.757998,11.568454,7.243827,12.133074,12.161795,11.141929,13.274079,12.755641,11.006344,11.68154,13.037057,11.919268,11.100813,12.521462,13.229224,12.4655695,10.759567,12.514263,11.224843,10.32403,14.70723,13.7479315,13.848793,11.966622,12.52219,13.031197,13.168778,12.768927,12.965321,11.422106,11.919525,15.337694,14.9070425,11.415658,10.921619,12.67939,12.033752,11.646973,13.53573,13.558379,10.5248785,13.098727,13.433255,12.572953,13.706307,13.648665,12.772338,13.186323,13.434949,13.785732,13.003507,12.592288,9.510987,13.290752,12.991342,12.421281,12.006682,12.865857,13.581701,13.179004,14.130689,11.767856,11.93553,13.925044,13.3183975,12.518719,12.781894,14.168066,14.461963,11.977644,15.564285,13.608058,13.187042,12.17688,13.328974,13.123609,14.556046,13.03393,14.735553,13.965605,13.88973,15.872846,13.42075,13.420322,13.973805,12.8464575,13.0699835
11.124158,9.53091,10.317462,8.173,10.873474,12.920131,12.425244,9.326308,4.6324587,14.186089,11.870872,11.38167,6.378929,0.0,11.323722,9.9681,12.167075,11.119759,12.318669,11.854478,10.573699,8.75883,10.958111,12.41377,12.100291,11.816929,11.711017,11.730286,7.3011994,12.248848,12.659246,11.836869,13.312154,12.786063,10.553302,12.426313,12.206354,12.469204,10.513038,13.388114,13.2042,12.6987095,10.429549,12.068547,11.583803,9.882081,15.805487,12.936965,14.933913,12.896432,13.454329,12.778708,12.888046,13.351167,12.40023,10.950439,12.273129,16.04904,15.833315,11.2231245,10.847284,13.074194,11.577546,11.583562,13.098752,13.096985,10.087705,13.087627,13.246227,12.822265,14.240378,14.715484,12.80302,13.326854,13.167628,13.812331,14.399393,11.961106,10.958909,12.768943,14.33847,11.913891,12.95399,12.962798,13.20891,12.944562,14.422572,12.404824,12.457277,14.18242,13.617124,12.697305,13.16688,14.927626,15.147351,12.260718,16.486465,15.198117,13.0745325,13.25742,13.905539,13.7781,15.371244,12.720465,14.896109,14.321933,14.705927,16.486624,14.344463,13.912277,14.266136,12.437548,13.581917
11.918318,13.045247,11.041806,10.584721,11.701703,11.858368,10.349915,10.701258,11.130988,12.284185,10.0611105,14.577531,11.788973,11.323722,0.0,10.521855,9.785814,9.082085,7.6263,8.958063,10.254775,10.84489,12.216372,10.292213,10.167508,11.8002,8.063223,8.933807,11.742194,8.251176,8.932382,8.78394,9.943984,10.35828,7.794382,8.739365,9.592838,9.423716,7.8399734,11.57301,9.338876,9.785735,9.156404,8.945054,9.984976,11.193304,13.276432,10.506054,13.500494,10.708027,12.959228,10.357128,9.048422,9.339227,8.268626,8.869163,9.1791315,13.465655,14.036637,11.617134,11.911571,12.260333,8.0804205,8.19491,12.08635,11.770821,11.931298,12.756858,9.288869,10.0155325,11.679417,11.419144,10.078181,8.971888,8.34419,9.364504,13.246099,8.924331,12.197957,9.367104,12.065063,12.064943,11.161919,11.150488,9.808516,9.537659,10.670317,10.280446,9.618289,11.873479,9.583468,9.706973,10.201077,12.551449,13.013913,8.385217,13.888276,12.403598,8.990764,10.755808,14.12787,11.651252,12.783032,9.689068,12.975772,12.60421,11.714451,15.89451,12.162628,13.454939,11.079797,9.296596,12.626217
10.302369,11.5045,10.424867,9.124179,11.117349,13.189839,11.355021,8.857428,9.588329,13.963868,11.809381,13.6993475,10.145512,9.9681,10.521855,0.0,10.731265,10.952085,11.131039,11.103881,10.275562,9.731933,10.661946,11.852825,10.940964,10.476604,10.338813,10.397661,10.529082,10.985596,10.97167,10.747304,12.481791,11.538525,9.417357,11.533382,11.958248,11.197349,9.541591,12.50557,11.964143,10.742609,9.561054,11.412001,10.6254635,10.466204,14.577892,12.774211,14.913782,11.539626,12.619088,11.537995,12.42476,11.353058,11.240582,10.437805,11.0822935,15.337015,14.5068245,10.972339,11.316723,11.862318,11.293512,10.934111,12.127445,12.100879,10.467128,12.835424,12.539374,12.149472,13.607967,13.186558,12.175246,12.222341,12.478409,12.761859,13.566636,11.704795,10.183048,11.922669,13.443399,12.391136,12.864481,12.378073,12.4027815,12.084228,13.517783,11.092359,11.407116,12.764002,13.001747,12.143638,11.762923,14.730106,14.094299,10.99207,15.704523,12.906236,11.744475,12.0158825,13.333875,13.655731,13.347856,11.686431,13.679831,13.393563,12.8493395,16.345676,12.774527,13.203495,13.171326,12.194159,12.74928
11.346855,13.414609,12.013164,12.25097,12.1822405,10.436224,8.292532,12.339746,12.131296,9.794251,10.494482,13.510452,12.15406,12.167075,9.785814,10.731265,0.0,9.67719,10.55072,9.449989,8.74768,11.595921,12.613638,9.848296,10.769492,10.488039,9.46011,9.390825,12.279887,10.467019,9.008041,10.130397,10.334497,9.878329,10.403001,10.509169,9.489451,9.801407,9.783395,9.329729,11.3879595,9.943217,10.429644,9.634381,10.4086,11.033254,13.028978,10.748389,12.913459,10.2600565,10.9610815,9.191494,9.785819,11.086902,10.621548,10.108381,9.907927,12.546842,13.323363,11.6139345,11.411843,10.472934,11.146383,9.357071,9.567725,10.094296,12.68621,12.369495,11.774016,10.624337,11.784517,11.350079,11.724129,11.577601,12.030869,11.239767,12.527013,10.637633,12.736523,9.658225,12.830901,12.687035,11.21868,10.876099,8.987421,9.834254,11.539171,9.4691725,10.820995,10.918686,10.375003,9.435024,10.140489,11.948316,10.649957,11.341161,14.347408,11.98143,10.336338,12.057493,13.883031,13.502196,12.010483,9.09532,11.214609,10.287726,12.551271,15.439105,12.451309,13.367699,11.893025,11.97127,12.513358
13.352842,13.771616,10.664422,10.280442,11.725267,12.733626,10.913312,12.205327,11.578834,11.716779,11.063022,14.767402,11.861118,11.119759,9.082085,10.952085,9.67719,0.0,10.497709,9.575538,8.671093,11.14878,12.105392,10.990007,11.613404,12.823965,10.438481,11.80105,12.058939,11.498162,10.827491,11.60095,11.865282,11.115375,9.903508,11.661001,8.409884,10.8087015,9.549656,12.5445175,11.536425,11.325708,11.459522,7.0945215,10.808603,11.2936,14.821019,9.492433,15.123121,13.105878,13.921121,10.098981,12.252298,11.701708,11.150627,9.960984,11.364386,15.715028,15.033944,12.02613,12.540653,12.54751,9.751869,10.121472,11.360902,10.871361,11.996193,13.59522,12.299269,11.454098,12.735693,13.391963,11.400072,11.961165,12.159599,12.60004,14.338958,10.203,12.093406,8.743794,14.111713,12.730221,13.754138,11.746257,9.436167,9.605688,13.52196,11.337111,11.267365,12.738331,11.896347,11.723972,11.898933,14.394188,13.360153,11.447291,16.147127,13.9681635,12.152525,12.6777115,14.555708,13.537124,14.145237,8.932891,12.803337,12.787599,14.349672,16.440193,13.1288595,14.493467,12.51059,12.0476675,13.735277
12.456906,13.203722,12.774972,11.698137,13.229293,13.312482,11.236352,10.755936,12.020708,13.849886,11.550895,14.725824,12.519174,12.318669,7.6263,11.131039,10.55072,10.497709,0.0,10.490498,11.271902,11.466635,12.903333,11.332277,11.379372,12.229956,9.281553,10.170995,12.636295,8.542886,9.774373,10.438242,10.523654,10.673825,8.293696,10.756092,10.54771,10.132863,8.025396,12.158265,9.7316065,10.329972,9.524388,10.153164,10.321814,11.832515,13.843026,10.941774,14.415678,11.240995,13.687121,11.138675,7.593408,10.204161,8.620847,9.480044,10.454955,14.495963,14.216144,11.768161,12.658924,13.086518,9.688358,9.257795,12.476035,12.185703,12.128109,12.819403,10.63514,10.2193165,11.987025,11.791835,10.540187,8.873324,8.002229,9.074422,14.167721,8.928564,12.827455,10.064472,12.643162,12.528844,11.784691,11.006339,10.830275,10.027432,10.158946,10.53667,9.727026,12.207076,10.576571,9.791703,10.685098,13.578902,13.525548,9.360969,13.795676,12.637945,9.8634,11.215313,14.135317,12.495387,13.101872,10.230526,13.259726,12.679627,11.543477,16.2116,12.677311,13.476559,10.730343,9.946404,13.395542
11.383635,13.0680685,11.162466,10.882974,11.225224,10.804877,9.177779,11.615498,11.305882,11.217906,10.151184,13.804216,11.419579,11.854478,8.958063,11.103881,9.449989,9.575538,10.490498,0.0,10.354816,10.292042,12.086372,7.8225293,10.241776,10.425821,9.332504,8.696128,11.309995,10.498382,9.199051,8.318596,11.005399,11.232518,9.671227,9.479835,10.960206,9.52617,9.312458,10.21597,10.468336,10.108438,10.723924,9.79236,10.414382,10.169981,12.881055,11.469338,13.116067,11.353212,11.46557,9.078328,10.1439705,9.5571,9.783723,9.421328,8.370029,13.872547,13.772506,11.029191,10.450272,10.616494,8.542537,9.376131,11.156778,11.187253,11.432338,12.818028,10.452052,10.993637,11.752195,10.787828,11.16806,11.073616,11.671442,11.714754,12.3476305,9.831442,11.865201,9.826283,11.671475,11.141187,10.117475,9.545244,9.527431,9.143568,11.710952,9.270506,9.259648,10.4805765,10.354815,10.1266985,8.952303,12.233054,12.34214,10.158109,14.369706,11.016493,10.438669,9.55307,13.741016,10.384882,11.943031,9.60333,12.448908,11.484098,12.707701,14.777873,10.532692,12.280363,11.504836,10.960724,11.719185
12.321066,13.296516,10.788247,9.84814,11.287719,11.487941,10.685276,11.539561,10.888808,11.892114,10.30801,14.118283,11.619598,10.573699,10.254775,10.275562,8.74768,8.671093,11.271902,10.354816,0.0,10.049328,11.908225,11.093877,10.730538,11.370304,10.084814,10.599657,11.189022,10.973755,11.047253,11.312101,11.777654,11.665192,9.925755,11.862391,9.089025,11.42,9.913713,12.070529,12.525734,11.559797,10.732485,10.346448,10.99578,10.562039,14.739247,10.671574,14.830544,12.132499,12.777929,10.167997,12.052736,12.308626,11.582369,10.130191,11.2623,14.823738,15.120277,11.666714,11.917311,9.900369,11.197025,10.469541,8.662816,8.940879,11.496032,11.503634,12.170452,11.663812,13.240759,13.742258,12.686422,12.570263,12.649226,12.578695,13.743437,11.041912,11.972286,10.095825,13.8887005,11.660722,13.352939,11.867353,10.189447,10.568325,13.546864,11.964722,12.284804,12.832173,11.841652,11.344192,12.282441,14.369895,12.941734,11.098989,15.921041,13.85961,11.556783,12.537652,13.866242,13.520436,14.055622,9.649148,12.405609,11.774212,14.391159,15.706577,13.236613,13.810294,12.998954,11.844441,12.360222
10.733196,10.724903,10.31215,7.987411,11.635868,13.257285,11.342277,8.794115,8.316171,13.816276,12.370231,12.887463,10.019521,8.75883,10.84489,9.731933,11.595921,11.14878,11.466635,10.292042,10.049328,0.0,10.998466,11.284454,10.477694,9.830791,10.75214,10.164246,9.696815,11.485251,11.24735,11.495158,12.3139305,12.00133,8.735584,11.963821,12.578779,11.665228,8.9848585,12.711343,12.779756,11.61938,9.78115,11.671571,11.130247,7.274993,15.14606,13.04403,14.717618,11.931919,12.712081,11.1089525,11.701216,12.066883,11.374482,9.346628,10.540845,15.624203,14.969431,8.394926,8.539022,11.78844,10.754011,11.67894,11.852467,12.352167,8.707643,10.162721,12.84629,12.376624,14.052883,13.395493,12.404391,11.580545,12.023411,12.5375185,14.716123,10.94419,11.075251,11.862878,14.319853,9.715186,12.287731,11.737129,12.292318,12.407106,13.379036,11.886939,12.230378,13.248383,13.519464,11.387419,12.073917,14.380578,14.082488,12.056722,15.914983,13.868838,11.464595,13.051312,12.613845,13.870646,14.174144,11.742554,13.926003,13.033414,13.466072,15.7336645,13.662967,12.115514,13.580561,13.050176,12.995927
10.401938,11.328224,10.587646,10.73439,12.521052,13.634251,10.983705,10.683388,11.11686,13.671884,13.282734,12.382822,10.830127,10.958111,12.216372,10.661946,12.613638,12.105392,12.903333,12.086372,11.908225,10.998466,0.0,11.707547,13.219912,11.385472,11.731179,12.279065,11.831966,12.657193,12.995108,12.037563,13.862217,12.756247,11.947117,12.954665,12.9610815,12.672565,11.762059,13.310864,13.610594,12.784191,11.919574,12.296374,11.964847,11.439698,14.843364,13.519613,12.829481,11.385028,12.906013,13.623853,13.376775,13.627562,12.773193,11.822254,12.448165,14.878312,13.697216,12.441216,12.240807,13.210449,12.459062,12.340151,14.0086355,13.571351,11.297861,12.979771,14.372587,13.283286,13.925115,12.847135,13.500516,13.379698,13.67721,13.826997,14.765235,12.588432,11.504115,13.564496,14.446561,13.136795,13.116237,13.753074,14.072106,13.320508,13.388043,12.5316515,13.460492,13.426468,14.21181,13.00811,13.401279,14.374037,13.894889,13.269204,15.026295,14.374329,13.92176,13.641391,13.8952465,14.399359,14.663264,12.986744,13.434316,13.926251,13.456961,14.976366,14.848654,12.825371,14.0117855,14.176892,14.849581
11.0508795,12.750302,11.545104,11.805969,12.339907,11.359772,8.938386,12.275774,12.05948,10.89557,11.249203,13.031874,11.762298,12.41377,10.292213,11.852825,9.848296,10.990007,11.332277,7.8225293,11.093877,11.284454,11.707547,0.0,10.472302,10.07193,10.430868,9.782459,11.946804,11.026143,10.615706,9.049434,12.719244,11.893208,10.429491,10.480763,11.707895,10.992394,9.779113,10.835817,11.544121,10.967706,11.111561,10.473386,11.175823,11.348354,12.731103,12.2254925,12.806341,10.441272,10.652858,9.5470085,11.162479,11.489037,11.514072,9.534077,8.845024,13.343447,13.886558,11.93821,11.425046,11.055832,9.572633,9.6921215,11.658114,11.3560915,12.170017,12.4599,12.00937,11.926676,11.905511,11.452973,12.18655,11.812944,12.917524,11.984236,13.458719,11.320807,12.134392,11.362338,12.56133,11.331248,10.05922,11.062027,11.205606,10.847207,11.982669,10.513982,10.923082,11.689635,11.48248,10.738051,10.537813,12.182794,11.908522,11.613858,14.532798,11.631013,11.806786,11.199672,13.315754,11.6822605,12.483368,10.892068,11.921526,11.258734,12.943869,14.529051,12.438289,12.707869,12.791758,12.439738,12.383976
12.312387,13.031059,11.844621,10.954561,11.778637,12.276064,11.606194,11.63157,11.67449,13.045278,10.982335,14.293436,12.00172,12.100291,10.167508,10.940964,10.769492,11.613404,11.379372,10.241776,10.730538,10.477694,13.219912,10.472302,0.0,11.647987,10.034493,10.798499,11.478323,10.933413,10.571236,10.503196,12.098279,12.363976,9.7835045,10.961241,12.0427265,11.874196,9.514296,11.98024,12.540923,11.477759,10.839432,11.919342,11.483486,11.291639,14.148041,12.346356,14.415328,11.57518,12.537939,9.937906,11.754843,10.826771,11.054102,9.525285,9.660557,14.7128935,14.802598,11.698823,11.754013,11.809907,10.693741,10.427551,12.040593,12.095506,11.832867,11.894423,11.394685,11.447282,12.087488,13.013247,11.788,11.708036,12.038846,12.17025,13.723055,11.622521,12.428575,11.542745,11.638919,12.159066,12.170096,11.750511,11.344667,11.664577,12.628596,11.357742,10.998647,13.407148,12.330172,11.617947,11.674611,13.554427,13.606487,11.431065,15.1631365,12.925353,10.510805,12.360674,13.944864,12.777356,13.238187,11.483296,13.612219,12.084895,12.975489,15.727021,12.465637,13.40143,12.317328,11.975403,12.576216
9.1127405,11.548703,11.957823,11.08165,12.523175,12.609056,10.201585,10.952451,11.548857,13.029925,12.789494,12.0834875,11.470783,11.816929,11.8002,10.476604,10.488039,12.823965,12.229956,10.425821,11.370304,9.830791,11.385472,10.07193,11.647987,0.0,11.381153,8.882111,11.252374,11.925918,11.811076,10.053756,13.219116,12.848601,11.155511,11.065221,13.308294,11.541607,10.823963,11.477488,13.320015,11.633834,10.518433,12.716957,11.932128,10.402105,12.102686,13.947098,12.883315,11.038462,9.800499,11.190353,10.982057,11.690181,12.276285,10.946491,9.972207,13.529762,13.61239,11.029354,10.297486,9.807193,12.284726,11.480077,11.913198,12.059494,10.5473385,11.820689,12.826575,13.596335,12.96473,11.850022,13.176085,12.62381,13.361403,13.546427,12.362806,12.751627,12.014415,13.067412,13.848574,10.514126,10.737459,10.7174,12.86133,12.653128,12.071586,11.38156,11.887719,11.206056,12.953459,11.651317,10.885859,12.823923,12.786608,13.062474,14.217648,11.532738,11.827405,11.922747,12.905321,13.608184,12.661902,12.529453,12.798809,11.925574,12.824746,14.844957,12.638654,11.072302,13.394705,13.598571,11.798243
11.829367,12.77828,11.594769,10.932607,11.1923065,11.233969,9.6200695,11.067104,11.053517,12.397552,9.755154,14.369011,11.757998,11.711017,8.063223,10.338813,9.46011,10.438481,9.281553,9.332504,10.084814,10.75214,11.731179,10.430868,10.034493,11.381153,0.0,9.374727,11.086149,8.552447,8.03358,9.22445,8.415114,8.260202,8.506337,9.885563,9.315032,9.02971,8.261625,10.241471,10.293506,8.963552,9.245531,9.076648,7.1609187,10.364206,12.80638,9.326405,13.085777,9.832046,12.442661,9.705399,9.594401,8.238018,7.7184796,8.30375,9.511654,14.001951,12.637779,10.508358,10.944947,11.947999,9.041094,8.580831,10.79756,11.642272,11.596823,11.85583,9.534931,8.2937565,10.867939,11.145801,8.851699,9.654456,9.9345455,10.5028305,12.236851,8.547325,12.053213,8.893457,11.004339,11.461948,9.950897,10.969406,9.475026,9.003579,10.527101,9.433709,8.559344,10.997843,10.371919,9.48669,8.507452,12.54784,11.480058,9.450224,14.23041,11.556377,8.2221575,10.639821,13.2554865,11.306225,11.683162,8.942754,12.288478,11.948248,10.712055,15.418152,11.339115,12.901041,10.332616,10.221854,11.364827
10.007611,12.126109,12.030928,11.429217,12.168792,11.499129,8.733602,10.543483,11.109044,11.938421,11.017637,13.039956,11.568454,11.730286,8.933807,10.397661,9.390825,11.80105,10.170995,8.696128,10.599657,10.164246,12.279065,9.782459,10.798499,8.882111,9.374727,0.0,11.583239,8.906237,9.256434,7.765478,10.556361,10.791604,9.434436,8.882793,11.393199,9.228244,9.343713,9.3175745,10.864714,9.059521,9.250607,11.163829,10.170653,10.40791,11.644609,12.147516,12.506457,9.799669,10.723387,10.389249,9.179816,9.029929,9.044767,9.94184,8.622204,12.37542,13.5003395,10.488425,9.939839,9.73232,9.779545,8.800662,10.899072,10.879231,11.011398,11.294737,9.776319,11.37045,11.092249,10.121939,10.870965,10.30071,10.204509,10.266416,11.48914,9.931322,12.356458,10.772485,11.376459,10.836641,8.827643,10.617051,10.303843,10.294547,10.248528,9.646804,9.249158,9.427552,9.877459,9.551055,8.434452,11.657099,11.967627,10.39337,13.516492,10.510238,8.929349,10.033102,12.699489,11.52475,11.535755,10.497407,11.508949,10.484943,11.014377,14.120563,11.400254,12.172105,11.286941,10.529812,11.237221
11.627369,10.354641,11.453759,8.999786,11.803058,12.394538,12.470804,9.986182,7.074322,14.610542,11.136167,12.125852,7.243827,7.3011994,11.742194,10.529082,12.279887,12.058939,12.636295,11.309995,11.189022,9.696815,11.831966,11.946804,11.478323,11.252374,11.086149,11.583239,0.0,11.705655,11.940195,10.938572,13.001315,12.381643,10.444759,11.538495,12.051515,12.258947,10.369798,12.998609,12.331701,12.193852,10.826263,11.838579,11.058206,9.604417,15.627331,12.748439,14.538211,12.382847,13.034991,12.286869,13.116421,12.594223,11.79109,10.691176,11.461937,15.566992,15.467342,10.809096,10.464208,12.93477,11.403761,11.311135,12.928902,13.13673,9.879568,12.463447,12.747154,11.9608965,13.7908125,14.247012,12.157038,12.74243,12.996486,13.042829,13.383181,11.740173,10.863769,11.983444,13.163769,10.534276,12.182932,12.562098,12.690629,12.377917,14.191529,11.952112,12.206295,13.577717,13.428282,12.012276,12.670289,14.719654,14.375725,12.033888,15.996799,14.062629,12.541527,12.406602,13.694839,12.917819,14.688961,12.169591,14.670483,14.143559,14.1900015,16.049957,13.311046,13.386568,14.139407,12.456632,12.471606
12.115335,13.197061,12.726851,11.998023,12.990637,12.078474,10.968267,11.766008,11.703216,13.683111,10.361236,14.70801,12.133074,12.248848,8.251176,10.985596,10.467019,11.498162,8.542886,10.498382,10.973755,11.485251,12.657193,11.026143,10.933413,11.925918,8.552447,8.906237,11.705655,0.0,8.5069685,9.646895,9.945951,10.203311,7.4989953,9.362825,10.122402,9.527146,8.06521,11.416334,8.590242,9.144579,8.848313,10.202108,10.369043,11.674174,13.773313,10.395252,13.509839,10.051513,13.06918,11.048662,10.6547575,9.947344,9.13713,9.44726,9.963651,13.727107,14.1328745,12.248324,12.182213,12.3108425,9.181124,8.302111,11.571718,11.687131,12.456544,11.248613,10.836988,8.78099,11.31614,10.978989,9.983248,8.847441,7.9618845,7.7234077,12.770529,8.619129,12.756259,10.074971,10.897818,12.16544,10.432766,12.258658,10.926694,9.872207,10.051002,10.420544,9.566299,11.748096,10.008802,9.576784,9.613676,13.212428,12.911075,8.819299,13.952207,12.471009,9.294017,11.168611,13.784425,12.092288,12.148107,10.620482,12.911578,12.461853,10.358602,15.423271,12.129611,13.808956,11.031793,10.084826,12.6247835
12.189363,13.366591,11.989916,11.920985,12.071519,10.999442,9.673967,12.281124,11.933165,12.16228,9.59586,14.512005,12.161795,12.659246,8.932382,10.97167,9.008041,10.827491,9.774373,9.199051,11.047253,11.24735,12.995108,10.615706,10.571236,11.811076,8.03358,9.256434,11.940195,8.5069685,0.0,8.789024,9.014589,8.795261,8.570742,9.800503,10.102194,7.880068,8.917849,9.918461,10.357772,8.151836,9.784877,10.008888,9.983323,11.190312,13.11268,10.385959,12.601106,9.634607,12.612683,10.378159,9.974232,9.24611,9.033725,9.485623,9.199456,13.355317,12.9773,11.276617,11.384241,12.237402,10.147725,8.376104,11.378121,11.779255,12.814751,11.96038,9.721331,8.428539,11.414949,10.600357,9.50567,10.040654,9.838031,9.687512,12.994935,8.569551,12.37495,9.274205,10.9604,12.822709,10.230683,11.272976,9.267936,9.331739,10.756764,9.12738,9.57199,10.8038645,9.315368,9.56738,8.889995,11.942266,12.062534,9.542341,14.187418,11.739573,8.951247,10.987694,14.250736,11.060197,11.652839,9.52562,12.654866,11.869648,10.640296,14.972053,10.934619,12.987607,9.938826,10.551942,12.004337
9.979508,12.215991,11.1313095,11.284246,10.797179,10.232216,9.513952,10.9212,11.189351,11.621265,9.297918,12.982487,11.141929,11.836869,8.78394,10.747304,10.130397,11.60095,10.438242,8.318596,11.312101,11.495158,12.037563,9.049434,10.503196,10.053756,9.22445,7.765478,10.938572,9.646895,8.789024,0.0,10.943131,10.80444,9.493134,7.362364,11.032306,8.862399,9.1412325,9.56242,10.535817,8.472974,8.806463,10.772461,10.155696,11.20264,11.781033,11.617568,11.78982,9.933067,10.479322,10.26811,9.909249,9.433068,8.872715,9.4604645,7.9178762,12.320289,13.204087,11.827422,11.290827,11.005527,9.354977,7.8290935,12.102319,12.242273,11.556776,12.7658415,8.430106,10.436084,11.132581,9.999302,10.888791,10.849431,11.232821,11.092408,11.196607,10.249867,11.484058,10.307508,9.882496,11.957798,8.253895,10.886853,10.635062,9.999627,11.209624,9.392042,9.224031,10.457305,9.709704,10.272406,9.654571,11.374976,12.103144,9.809844,13.534308,9.73141,9.641017,8.136203,13.391665,9.913792,11.705609,10.6361065,12.936787,11.689144,11.871425,14.623368,10.434899,12.787237,11.679236,10.199077,10.633582
13.281936,13.779032,13.398985,13.21646,12.700859,11.487429,10.417168,13.1012535,12.602628,12.778969,10.624411,14.898228,13.274079,13.312154,9.943984,12.481791,10.334497,11.865282,10.523654,11.005399,11.777654,12.3139305,13.862217,12.719244,12.098279,13.219116,8.415114,10.556361,13.001315,9.945951,9.014589,10.943131,0.0,9.099754,10.867633,11.319161,11.1370945,8.668744,10.958231,10.338035,11.384637,9.687682,11.320986,10.938956,10.184597,11.953817,14.101359,11.020647,14.111673,12.136204,14.252188,10.972483,10.069072,9.897193,9.078672,11.26298,11.590877,14.569231,13.247097,11.557791,12.160009,12.978868,11.387167,10.214002,11.85756,12.643147,13.794851,13.638269,10.863456,9.637332,12.199526,11.972862,10.302427,9.714634,10.030454,11.292102,12.777815,9.931077,13.95182,10.130674,12.1533165,13.363887,11.184462,11.791331,10.069922,10.621788,12.183931,10.184231,9.71611,11.75648,11.226943,10.712852,10.262433,13.065277,12.012194,10.763628,14.87146,12.8310375,9.335425,12.109423,14.362569,12.860122,12.804032,10.243468,13.11115,12.236831,11.769352,15.926396,11.610016,14.255969,10.297988,11.378537,12.793191
12.50674,12.878713,13.123314,12.557257,13.091466,12.743644,9.787243,12.087699,12.263032,12.901428,11.395375,14.170118,12.755641,12.786063,10.35828,11.538525,9.878329,11.115375,10.673825,11.232518,11.665192,12.00133,12.756247,11.893208,12.363976,12.848601,8.260202,10.791604,12.381643,10.203311,8.795261,10.80444,9.099754,0.0,10.334906,11.648013,9.836171,8.924692,9.902513,10.325014,11.208953,8.905554,10.76335,9.231046,8.981817,11.54267,14.082402,9.895592,13.377471,10.388967,13.313989,11.248535,11.143795,10.721631,9.678485,10.579212,11.271142,14.822894,11.597107,11.144737,12.012176,13.57785,10.74414,9.810347,12.047337,12.62201,12.968961,12.843691,11.445384,9.432705,12.075148,12.023548,9.842741,10.642493,10.976895,11.223391,13.583522,9.26078,12.751278,9.488385,12.534911,12.640318,11.33224,12.887448,9.99675,10.83184,11.947251,10.407213,10.541006,12.176614,11.850101,10.998891,10.652967,13.3697405,11.697549,11.805806,14.933998,12.919647,10.614965,12.457029,14.091447,12.863849,12.63241,9.79709,12.766565,12.847899,11.712894,15.4125395,12.461516,14.139787,11.759112,12.288489,13.408609
11.60356,12.356301,10.717986,9.404065,11.971529,12.961433,10.9473095,9.730489,9.858051,13.147113,10.930286,14.098552,11.006344,10.553302,7.794382,9.417357,10.403001,9.903508,8.293696,9.671227,9.925755,8.735584,11.947117,10.429491,9.7835045,11.155511,8.506337,9.434436,10.444759,7.4989953,8.570742,9.493134,10.867633,10.334906,0.0,9.554396,10.315896,9.85034,4.153086,11.920108,9.756422,9.636925,7.19668,9.343153,10.203028,9.395789,14.401795,10.669723,14.076486,10.051745,12.216827,10.138695,10.253462,10.377218,9.20569,6.115083,8.383531,14.359903,14.330442,10.028852,10.387588,12.256928,8.252636,8.659073,10.9401655,10.794225,10.062394,10.526385,10.559628,9.992593,12.256036,12.109782,10.179788,9.297273,8.490875,8.877029,14.098911,8.137473,11.733771,9.748796,12.621653,10.8959,11.449609,11.34596,10.796499,10.35063,10.989845,10.388226,10.274622,12.450831,10.6964035,9.282391,10.589521,13.010835,13.380363,9.1510935,14.423071,12.768335,9.443168,11.308673,13.255308,11.900653,13.103676,10.44724,13.155509,12.452619,11.480206,15.619248,11.770495,13.056371,11.1999,9.945171,12.311812
11.536233,13.182295,11.459856,12.04139,11.703115,11.007589,10.694006,12.30586,12.083004,12.273814,10.0270405,14.175552,11.68154,12.426313,8.739365,11.533382,10.509169,11.661001,10.756092,9.479835,11.862391,11.963821,12.954665,10.480763,10.961241,11.065221,9.885563,8.882793,11.538495,9.362825,9.800503,7.362364,11.319161,11.648013,9.554396,5.3312016e-07,12.042484,9.95851,9.473306,10.9012575,10.778721,10.332775,9.719918,11.514176,11.081091,11.693315,12.652537,12.759103,12.72533,10.912411,11.108641,10.776939,10.837401,10.182908,10.441671,9.828414,8.602381,12.486753,14.145441,12.4397335,12.101663,11.702752,9.717152,9.278796,12.800053,13.012041,12.739643,13.021895,10.294693,11.335224,12.175594,10.470319,12.094885,11.095249,11.316348,11.406098,11.395205,11.564925,12.083522,11.7392645,11.553319,12.509068,9.876253,11.156125,11.357602,11.388647,11.807427,10.253983,10.272815,11.361953,9.5198145,10.592957,10.475473,11.734843,13.09403,10.358123,13.616411,10.784948,9.5852995,9.292355,14.223731,10.805198,12.16401,11.442879,13.766792,12.65681,12.321292,15.40815,11.187841,13.156825,12.174464,10.064114,11.822408
